image_width: 640
image_height: 400
camera_name: narrow_stereo/left
camera_matrix:
  rows: 3
  cols: 3
  data: [493.14914,   0.     , 293.58823,
           0.     , 492.5188 , 182.93144,
           0.     ,   0.     ,   1.     ]
distortion_model: plumb_bob
distortion_coefficients:
  rows: 1
  cols: 5
  data: [-0.019724, 0.011530, -0.003777, -0.004870, 0.000000]
rectification_matrix:
  rows: 3
  cols: 3
  data: [ 0.99995045, -0.00052869, -0.00994106,
          0.00050878,  0.99999786, -0.00200586,
          0.0099421 ,  0.0020007 ,  0.99994857]
projection_matrix:
  rows: 3
  cols: 4
  data: [494.92432,   0.     , 299.7887 ,   0.     ,
           0.     , 494.92432, 182.31954,   0.     ,
           0.     ,   0.     ,   1.     ,   0.     ]