image_width: 640
image_height: 480
camera_name: narrow_stereo/right
camera_matrix:
  rows: 3
  cols: 3
  data: [528.32713,   0.     , 329.38897,
           0.     , 528.02659, 236.58759,
           0.     ,   0.     ,   1.     ]
distortion_model: plumb_bob
distortion_coefficients:
  rows: 1
  cols: 5
  data: [0.066617, -0.152437, -0.005286, -0.004776, 0.000000]
rectification_matrix:
  rows: 3
  cols: 3
  data: [ 0.99970055,  0.0029705 , -0.02428955,
         -0.00250048,  0.99980949,  0.01935821,
          0.02434243, -0.01929168,  0.99951752]
projection_matrix:
  rows: 3
  cols: 4
  data: [558.3    ,   0.     , 330.05917, -27.79267,
           0.     , 558.3    , 230.36552,   0.     ,
           0.     ,   0.     ,   1.     ,   0.     ]
