image_width: 640
image_height: 400
camera_name: narrow_stereo/right
camera_matrix:
  rows: 3
  cols: 3
  data: [491.73338,   0.     , 292.43272,
           0.     , 491.27117, 185.30177,
           0.     ,   0.     ,   1.     ]
distortion_model: plumb_bob
distortion_coefficients:
  rows: 1
  cols: 5
  data: [-0.025846, 0.019246, -0.003283, -0.005266, 0.000000]
rectification_matrix:
  rows: 3
  cols: 3
  data: [ 0.99978667,  0.00022238, -0.02065334,
         -0.00018101,  0.99999797,  0.00200528,
          0.02065374, -0.00200112,  0.99978469]
projection_matrix:
  rows: 3
  cols: 4
  data: [494.92432,   0.     , 299.7887 , -24.65936,
           0.     , 494.92432, 182.31954,   0.     ,
           0.     ,   0.     ,   1.     ,   0.     ]